export const CorrelationMatrixTableMocks = {
  realData: {
    "unique_id_for_redis": "c292d4f4",
    "status": 0,
    "header": [
      "TRX",
      "LTC",
      "DASH",
      "ETH",
      "BCH",
      "EOS",
      "ADA",
      "XLM"
    ],
    "values": [
      [
        "1.000000000000000",
        "0.127033116103723",
        "0.126057954908692",
        "0.128821600760796",
        "0.081552974139516",
        "0.181467727486414",
        "0.156571460167512",
        "0.143425818595400"
      ],
      [
        "0.127033116103723",
        "1.000000000000000",
        "0.227990351067913",
        "0.727586192825805",
        "0.166441856584430",
        "0.192334642334113",
        "0.560187160504259",
        "0.206111892382135"
      ],
      [
        "0.126057954908692",
        "0.227990351067913",
        "1.000000000000000",
        "0.219252035283668",
        "0.228116621709758",
        "0.186924341279995",
        "0.104192504555464",
        "0.150678423273381"
      ],
      [
        "0.128821600760796",
        "0.727586192825805",
        "0.219252035283668",
        "1.000000000000000",
        "0.200490789855591",
        "0.235549694299937",
        "0.669451508989839",
        "0.225292575886936"
      ],
      [
        "0.081552974139516",
        "0.166441856584430",
        "0.228116621709758",
        "0.200490789855591",
        "1.000000000000000",
        "0.189151345267350",
        "0.082308814457915",
        "0.089006604442839"
      ],
      [
        "0.181467727486414",
        "0.192334642334113",
        "0.186924341279995",
        "0.235549694299937",
        "0.189151345267350",
        "1.000000000000000",
        "0.193297232601572",
        "0.194845487064657"
      ],
      [
        "0.156571460167512",
        "0.560187160504259",
        "0.104192504555464",
        "0.669451508989839",
        "0.082308814457915",
        "0.193297232601572",
        "1.000000000000000",
        "0.370938489759391"
      ],
      [
        "0.143425818595400",
        "0.206111892382135",
        "0.150678423273381",
        "0.225292575886936",
        "0.089006604442839",
        "0.194845487064657",
        "0.370938489759391",
        "1.000000000000000"
      ]
    ]
  },
  dataWithNegatives: {
    "unique_id_for_redis": "c292d4f4",
    "status": 0,
    "header": [
      "TRX",
      "LTC",
      "DASH",
      "ETH",
      "BCH",
      "EOS",
      "ADA",
      "XLM"
    ],
    "values": [
      [
        "1.000000000000000",
        "0.127033116103723",
        "0.126057954908692",
        "0.128821600760796",
        "0.081552974139516",
        "0.181467727486414",
        "0.156571460167512",
        "0.143425818595400"
      ],
      [
        "0.127033116103723",
        "1.000000000000000",
        "0.227990351067913",
        "-0.727586192825805",
        "0.166441856584430",
        "-0.192334642334113",
        "0.560187160504259",
        "0.206111892382135"
      ],
      [
        "0.126057954908692",
        "0.227990351067913",
        "1.000000000000000",
        "-0.219252035283668",
        "0.228116621709758",
        "0.186924341279995",
        "-0.104192504555464",
        "0.150678423273381"
      ],
      [
        "0.128821600760796",
        "0.727586192825805",
        "-0.219252035283668",
        "1.000000000000000",
        "0.200490789855591",
        "-0.235549694299937",
        "0.669451508989839",
        "0.225292575886936"
      ],
      [
        "0.081552974139516",
        "0.166441856584430",
        "-0.228116621709758",
        "0.200490789855591",
        "1.000000000000000",
        "0.189151345267350",
        "-0.500000000000000",
        "0.089006604442839"
      ],
      [
        "-0.181467727486414",
        "-0.192334642334113",
        "0.186924341279995",
        "0.235549694299937",
        "-0.189151345267350",
        "1.000000000000000",
        "0.193297232601572",
        "0.194845487064657"
      ],
      [
        "0.156571460167512",
        "-0.560187160504259",
        "0.104192504555464",
        "-0.669451508989839",
        "-0.082308814457915",
        "0.193297232601572",
        "1.000000000000000",
        "0.370938489759391"
      ],
      [
        "0.143425818595400",
        "-0.206111892382135",
        "0.150678423273381",
        "-0.225292575886936",
        "0.089006604442839",
        "0.194845487064657",
        "-0.370938489759391",
        "1.000000000000000"
      ]
    ]
  },
}

